00001000
10001111
00001000
11100110
00001001
10111111
01101110
10101101
00000000
00000001
00000010
00000011
00001001
10000100
00011010
00010011
00001000
10111000
00000110
11010111
00000100
00000101
00000110
00000111
11111100
10110111
11010000
01110101
00110000
00000100
00000101
00000110
00000111
00000100
00000101
00000110
00000111
00010001
00001000
00001001
11010001
01001110
00110000
00001001
00001000
10010011
00000001
01100110
00000011
00001001
10011101
00100001
11011111
00001001
01011101
10001001
00001001
00100011
11111011
11000010
00000000
00000001
00000010
00000011
00000100
00000101
00000110
00000111
11000100
01111100
00101000
00010000
11111101
00001000
00100010
11110110
11100111
01010011
00001000
11110001
00111110
10111110
11011101
00000011
00000100
00000101
00000110
00000111
11011001
00000100
00000101
00000110
00000111
00001001
00001000
00001000
11001010
01101000
10111110
00001111
00010011
00111000
11010000
10010001
01111101
10101101
00001110
11111100
11100111
00101001
10110101
00001000
11010000
00110110
01001101
00001000
00001000
10001011
00001001
11011010
00001001
11010101
10111111
01001111
01000001
10101001
10100100
01110010
00000000
00000001
00000010
00000011
10101000
01000010
00001001
01000010
11100001
11101011
00001000
00000000
00000001
00000010
00000011
10001100
00000000
00000001
00000010
00000011
00001001
01001110
00001000
01010110
11100001
11000111
11100100
01110010
00001000
00000100
00000101
00000110
00000111
00001000
00001001
10111110
01100111
11011010
00000010
00001001
10010011
11001011
10011011
00111010
00001001
01110001
00111011
00001000
01010010
10100000
01001010
01100001
00001001
10110000
10010101
00111110
01010100
00001001
00000000
00000001
00000010
00000011
00000100
00000101
00000110
00000111
01000000
11001111
00001001
10011101
00001001
00001000
11000110
01000011
00000000
00000001
00000010
00000011
10101001
11011010
00101000
00000011
01001110
00001001
11010110
00100110
00001000
11101101
00001000
00110011
00001001
00000100
00000101
00000110
00000111
01101001
00001000
00001000
00101100
10100111
00001001
11101100
01100111
00001000
11001101
11111000
01111011
01000111
11101011
01111111
00001000
10001000
00001000
11100001
11000111
01101110
00011110
11001100
00101001
01011111
00001001
10110111
00001001
00000000
00000001
00000010
00000011
00001001
00001001
00001000
00110010
10111110
00001000
00101000
11101110
00001001
10010110
00001000
11010010
00000000
00000001
00000010
00000011
10110011
01101100
11100111
10001110
11111101
01010101
11111001
00001001
01000111
00101110
00001000
00000100
00000101
00000110
00000111
10011111
00001001
00001000
00010000
00000000
00000001
00000010
00000011
00001000
00001001
01101111
00011100
00000110
01110000